0, 0.75875, 0.75875, 0.75875, 0.75875
0, 0.665, 0.70194, 0.76375, 0.76375
1, 0.69563, 0.72194, 0.76375, 0.76375
2, 0.70562, 0.7465, 0.76438, 0.76438
3, 0.71875, 0.75094, 0.77938, 0.77938
4, 0.71875, 0.75563, 0.77438, 0.77938
5, 0.74375, 0.76982, 0.79063, 0.79063
6, 0.76, 0.7765, 0.79063, 0.79063
7, 0.7625, 0.7845, 0.79625, 0.79625
8, 0.79063, 0.79232, 0.79625, 0.79625
9, 0.79063, 0.79338, 0.80125, 0.80125
10, 0.79625, 0.79825, 0.80125, 0.80125
11, 0.79625, 0.80306, 0.81563, 0.81563
12, 0.805, 0.81457, 0.81563, 0.81563
13, 0.81563, 0.81575, 0.81625, 0.81625
14, 0.81, 0.81513, 0.81625, 0.81625
15, 0.81563, 0.81582, 0.81625, 0.81625
16, 0.81625, 0.82225, 0.82375, 0.82375
17, 0.82375, 0.82375, 0.82375, 0.82375
18, 0.82375, 0.82375, 0.82375, 0.82375
19, 0.82375, 0.82375, 0.82375, 0.82375
20, 0.82375, 0.82375, 0.82375, 0.82375
21, 0.8125, 0.82256, 0.82375, 0.82375
22, 0.82312, 0.82356, 0.82375, 0.82375
23, 0.82375, 0.82375, 0.82375, 0.82375
24, 0.82375, 0.82675, 0.82875, 0.82875
25, 0.82375, 0.82775, 0.82875, 0.82875
26, 0.82875, 0.82875, 0.82875, 0.82875
27, 0.83625, 0.84631, 0.85062, 0.85062
28, 0.84937, 0.85037, 0.85062, 0.85062
29, 0.85062, 0.85062, 0.85062, 0.85062
30, 0.85062, 0.85062, 0.85062, 0.85062
31, 0.85062, 0.85062, 0.85062, 0.85062
32, 0.85062, 0.85062, 0.85062, 0.85062
33, 0.85062, 0.85062, 0.85062, 0.85062
34, 0.845, 0.85006, 0.85062, 0.85062
35, 0.85062, 0.85062, 0.85062, 0.85062
36, 0.85062, 0.85062, 0.85062, 0.85062
37, 0.85062, 0.85075, 0.85188, 0.85188
38, 0.85062, 0.85075, 0.85188, 0.85188
39, 0.85062, 0.85287, 0.86062, 0.86062
40, 0.85062, 0.85287, 0.86062, 0.86062
41, 0.85437, 0.85875, 0.86062, 0.86062
42, 0.86062, 0.86062, 0.86062, 0.86062
43, 0.86062, 0.86062, 0.86062, 0.86062
44, 0.86062, 0.86062, 0.86062, 0.86062
45, 0.86062, 0.86062, 0.86062, 0.86062
46, 0.86062, 0.86062, 0.86062, 0.86062
47, 0.86062, 0.86062, 0.86062, 0.86062
48, 0.86062, 0.86062, 0.86062, 0.86062
49, 0.86062, 0.86062, 0.86062, 0.86062
50, 0.86062, 0.86062, 0.86062, 0.86062
51, 0.86062, 0.86062, 0.86062, 0.86062
52, 0.86062, 0.86093, 0.86125, 0.86125
53, 0.86125, 0.86125, 0.86125, 0.86125
54, 0.86125, 0.86125, 0.86125, 0.86125
55, 0.86125, 0.86125, 0.86125, 0.86125
56, 0.86125, 0.86125, 0.86125, 0.86125
57, 0.86625, 0.86625, 0.86625, 0.86625
58, 0.86625, 0.86625, 0.86625, 0.86625
59, 0.86187, 0.86606, 0.86875, 0.86875
60, 0.86625, 0.86625, 0.86625, 0.86875
61, 0.86625, 0.86625, 0.86625, 0.86875
62, 0.86625, 0.86625, 0.86625, 0.86875
63, 0.86625, 0.86625, 0.86625, 0.86875
64, 0.86625, 0.86625, 0.86625, 0.86875
65, 0.86625, 0.87, 0.87562, 0.87562
66, 0.86625, 0.87468, 0.87562, 0.87562
67, 0.87562, 0.87562, 0.87562, 0.87562
68, 0.86875, 0.87493, 0.87562, 0.87562
69, 0.86875, 0.87493, 0.87562, 0.87562
70, 0.87562, 0.87562, 0.87562, 0.87562
71, 0.87562, 0.87562, 0.87562, 0.87562
72, 0.87125, 0.87518, 0.87562, 0.87562
73, 0.87562, 0.87562, 0.87562, 0.87562
74, 0.86187, 0.87424, 0.87562, 0.87562
75, 0.87562, 0.87562, 0.87562, 0.87562
76, 0.87562, 0.87562, 0.87562, 0.87562
77, 0.87562, 0.87562, 0.87562, 0.87562
78, 0.87562, 0.87562, 0.87562, 0.87562
79, 0.87562, 0.87562, 0.87562, 0.87562
80, 0.87562, 0.87562, 0.87562, 0.87562
81, 0.87562, 0.87562, 0.87562, 0.87562
82, 0.87562, 0.87562, 0.87562, 0.87562
83, 0.875, 0.87556, 0.87562, 0.87562
84, 0.87, 0.87506, 0.87562, 0.87562
85, 0.87562, 0.87562, 0.87562, 0.87562
86, 0.87562, 0.87562, 0.87562, 0.87562
87, 0.86875, 0.87425, 0.87562, 0.87562
88, 0.87562, 0.87562, 0.87562, 0.87562
89, 0.87625, 0.87625, 0.87625, 0.87625
90, 0.87625, 0.87625, 0.87625, 0.87625
91, 0.87187, 0.87581, 0.87625, 0.87625
92, 0.87625, 0.87625, 0.87625, 0.87625
93, 0.87625, 0.87625, 0.87625, 0.87625
94, 0.87625, 0.87625, 0.87625, 0.87625
95, 0.87625, 0.87625, 0.87625, 0.87625
96, 0.87625, 0.87625, 0.87625, 0.87625
97, 0.87625, 0.87638, 0.8775, 0.8775
98, 0.8725, 0.87588, 0.87625, 0.8775
99, 0.87625, 0.87625, 0.87625, 0.8775
100, 0.87625, 0.87625, 0.87625, 0.8775
101, 0.87625, 0.87625, 0.87625, 0.8775
102, 0.87625, 0.87625, 0.87625, 0.8775
103, 0.87625, 0.87625, 0.87625, 0.8775
104, 0.87625, 0.87625, 0.87625, 0.8775
105, 0.87625, 0.87625, 0.87625, 0.8775
106, 0.87625, 0.87625, 0.87625, 0.8775
107, 0.8775, 0.8775, 0.8775, 0.8775
108, 0.86687, 0.87218, 0.8775, 0.8775
109, 0.8775, 0.87825, 0.88, 0.88
110, 0.8775, 0.8785, 0.88, 0.88
111, 0.8775, 0.879, 0.88, 0.88
112, 0.88, 0.88, 0.88, 0.88
113, 0.88, 0.88, 0.88, 0.88
114, 0.88, 0.88, 0.88, 0.88
115, 0.88, 0.88, 0.88, 0.88
116, 0.88, 0.88, 0.88, 0.88
117, 0.87313, 0.87931, 0.88, 0.88
118, 0.88, 0.88, 0.88, 0.88
119, 0.88, 0.88, 0.88, 0.88
120, 0.88, 0.88075, 0.88375, 0.88375
121, 0.88, 0.88188, 0.88375, 0.88375
122, 0.88, 0.88262, 0.88375, 0.88375
123, 0.88, 0.88413, 0.88938, 0.88938
124, 0.88375, 0.886, 0.88938, 0.88938
125, 0.88938, 0.88938, 0.88938, 0.88938
126, 0.88938, 0.88938, 0.88938, 0.88938
127, 0.88938, 0.88938, 0.88938, 0.88938
128, 0.88938, 0.88938, 0.88938, 0.88938
129, 0.88938, 0.88938, 0.88938, 0.88938
130, 0.88938, 0.88938, 0.88938, 0.88938
131, 0.88938, 0.88938, 0.88938, 0.88938
132, 0.88938, 0.88938, 0.88938, 0.88938
133, 0.88938, 0.88938, 0.88938, 0.88938
134, 0.88938, 0.88938, 0.88938, 0.88938
135, 0.88938, 0.88938, 0.88938, 0.88938
136, 0.88313, 0.88813, 0.88938, 0.88938
137, 0.88938, 0.88938, 0.88938, 0.88938
138, 0.88938, 0.88938, 0.88938, 0.88938
139, 0.88938, 0.88938, 0.88938, 0.88938
140, 0.88938, 0.88938, 0.88938, 0.88938
141, 0.88938, 0.88938, 0.88938, 0.88938
142, 0.88938, 0.88938, 0.88938, 0.88938
143, 0.88875, 0.88932, 0.88938, 0.88938
144, 0.88875, 0.88925, 0.88938, 0.88938
145, 0.88687, 0.88913, 0.88938, 0.88938
146, 0.88938, 0.88938, 0.88938, 0.88938
147, 0.88938, 0.88938, 0.88938, 0.88938
148, 0.88938, 0.88938, 0.88938, 0.88938
149, 0.88938, 0.88938, 0.88938, 0.88938
150, 0.88938, 0.88938, 0.88938, 0.88938
151, 0.88938, 0.88938, 0.88938, 0.88938
152, 0.88938, 0.88938, 0.88938, 0.88938
153, 0.88938, 0.88938, 0.88938, 0.88938
154, 0.88938, 0.88938, 0.88938, 0.88938
155, 0.88938, 0.88938, 0.88938, 0.88938
156, 0.88938, 0.88938, 0.88938, 0.88938
157, 0.88938, 0.88938, 0.88938, 0.88938
158, 0.87625, 0.88675, 0.88938, 0.88938
159, 0.88938, 0.88938, 0.88938, 0.88938
160, 0.88938, 0.88938, 0.88938, 0.88938
161, 0.88938, 0.88938, 0.88938, 0.88938
162, 0.88938, 0.88938, 0.88938, 0.88938
163, 0.88938, 0.88938, 0.88938, 0.88938
164, 0.88938, 0.8895, 0.89, 0.89
165, 0.88938, 0.8895, 0.89, 0.89
166, 0.89, 0.89, 0.89, 0.89
167, 0.89, 0.89, 0.89, 0.89
168, 0.89, 0.89, 0.89, 0.89
169, 0.8825, 0.88925, 0.89, 0.89
170, 0.8825, 0.8885, 0.89, 0.89
171, 0.89, 0.89, 0.89, 0.89
172, 0.89, 0.89, 0.89, 0.89
173, 0.88313, 0.89181, 0.89625, 0.89625
174, 0.89, 0.89437, 0.89625, 0.89625
175, 0.89, 0.89563, 0.89625, 0.89625
176, 0.89, 0.89563, 0.89625, 0.89625
177, 0.89625, 0.89625, 0.89625, 0.89625
178, 0.89625, 0.89625, 0.89625, 0.89625
179, 0.89625, 0.89625, 0.89625, 0.89625
180, 0.89563, 0.89619, 0.89625, 0.89625
181, 0.89563, 0.89613, 0.89625, 0.89625
182, 0.89625, 0.89625, 0.89625, 0.89625
183, 0.89625, 0.89625, 0.89625, 0.89625
184, 0.89625, 0.89625, 0.89625, 0.89625
185, 0.89625, 0.89625, 0.89625, 0.89625
186, 0.89625, 0.89625, 0.89625, 0.89625
187, 0.89625, 0.89625, 0.89625, 0.89625
188, 0.89625, 0.89625, 0.89625, 0.89625
189, 0.89625, 0.89625, 0.89625, 0.89625
190, 0.89625, 0.89625, 0.89625, 0.89625
191, 0.89625, 0.89625, 0.89625, 0.89625
192, 0.89625, 0.89625, 0.89625, 0.89625
193, 0.89625, 0.89625, 0.89625, 0.89625
194, 0.89625, 0.89625, 0.89625, 0.89625
195, 0.89625, 0.89625, 0.89625, 0.89625
196, 0.89625, 0.89625, 0.89625, 0.89625
197, 0.89625, 0.89625, 0.89625, 0.89625
198, 0.89625, 0.89625, 0.89625, 0.89625
199, 0.8825, 0.8915, 0.89625, 0.89625
200, 0.88313, 0.89419, 0.89625, 0.89625
201, 0.88, 0.88994, 0.89625, 0.89625
202, 0.88, 0.89463, 0.89625, 0.89625
203, 0.88, 0.89312, 0.89625, 0.89625
204, 0.88875, 0.89475, 0.89625, 0.89625
205, 0.89625, 0.89625, 0.89625, 0.89625
206, 0.89625, 0.89625, 0.89625, 0.89625
207, 0.89625, 0.89625, 0.89625, 0.89625
208, 0.89625, 0.89625, 0.89625, 0.89625
209, 0.89625, 0.89625, 0.89625, 0.89625
210, 0.89625, 0.89625, 0.89625, 0.89625
211, 0.89625, 0.89625, 0.89625, 0.89625
212, 0.89625, 0.89625, 0.89625, 0.89625
213, 0.89625, 0.89625, 0.89625, 0.89625
214, 0.89625, 0.89625, 0.89625, 0.89625
215, 0.89625, 0.89625, 0.89625, 0.89625
216, 0.89625, 0.89625, 0.89625, 0.89625
217, 0.89625, 0.89625, 0.89625, 0.89625
218, 0.89625, 0.89625, 0.89625, 0.89625
219, 0.89625, 0.89625, 0.89625, 0.89625
220, 0.89625, 0.89625, 0.89625, 0.89625
221, 0.89625, 0.89625, 0.89625, 0.89625
222, 0.89625, 0.89625, 0.89625, 0.89625
223, 0.89625, 0.89625, 0.89625, 0.89625
224, 0.89625, 0.89725, 0.90125, 0.90125
225, 0.90125, 0.90125, 0.90125, 0.90125
226, 0.90125, 0.90125, 0.90125, 0.90125
227, 0.90125, 0.90125, 0.90125, 0.90125
228, 0.90125, 0.90125, 0.90125, 0.90125
229, 0.90125, 0.90125, 0.90125, 0.90125
230, 0.88875, 0.9, 0.90125, 0.90125
231, 0.90125, 0.90125, 0.90125, 0.90125
232, 0.90125, 0.90125, 0.90125, 0.90125
233, 0.90125, 0.90125, 0.90125, 0.90125
234, 0.90125, 0.90125, 0.90125, 0.90125
235, 0.90125, 0.90125, 0.90125, 0.90125
236, 0.90125, 0.90125, 0.90125, 0.90125
237, 0.90125, 0.90125, 0.90125, 0.90125
238, 0.90125, 0.90125, 0.90125, 0.90125
239, 0.90125, 0.90125, 0.90125, 0.90125
240, 0.90125, 0.90125, 0.90125, 0.90125
241, 0.90125, 0.90125, 0.90125, 0.90125
242, 0.90125, 0.90125, 0.90125, 0.90125
243, 0.90125, 0.90125, 0.90125, 0.90125
244, 0.90125, 0.90125, 0.90125, 0.90125
245, 0.90125, 0.90125, 0.90125, 0.90125
246, 0.90125, 0.90125, 0.90125, 0.90125
247, 0.90125, 0.90125, 0.90125, 0.90125
248, 0.90125, 0.90125, 0.90125, 0.90125
249, 0.90125, 0.90125, 0.90125, 0.90125
250, 0.90125, 0.90125, 0.90125, 0.90125
251, 0.90125, 0.90125, 0.90125, 0.90125
252, 0.90125, 0.90125, 0.90125, 0.90125
253, 0.90125, 0.90125, 0.90125, 0.90125
254, 0.90125, 0.90125, 0.90125, 0.90125
255, 0.90312, 0.90312, 0.90312, 0.90312
256, 0.90312, 0.90325, 0.90375, 0.90375
257, 0.90312, 0.90318, 0.90375, 0.90375
258, 0.89438, 0.90225, 0.90312, 0.90375
259, 0.90312, 0.90312, 0.90312, 0.90375
260, 0.90312, 0.90312, 0.90312, 0.90375
261, 0.90312, 0.90312, 0.90312, 0.90375
262, 0.90312, 0.90312, 0.90312, 0.90375
263, 0.90312, 0.90312, 0.90312, 0.90375
264, 0.90312, 0.90312, 0.90312, 0.90375
265, 0.90312, 0.90312, 0.90312, 0.90375
266, 0.90312, 0.90312, 0.90312, 0.90375
267, 0.90312, 0.90312, 0.90312, 0.90375
268, 0.90312, 0.90312, 0.90312, 0.90375
269, 0.90312, 0.90312, 0.90312, 0.90375
270, 0.90063, 0.90262, 0.90312, 0.90375
271, 0.90312, 0.90312, 0.90312, 0.90375
272, 0.90312, 0.90312, 0.90312, 0.90375
273, 0.90312, 0.90331, 0.905, 0.905
274, 0.89875, 0.90268, 0.90312, 0.905
275, 0.89875, 0.90181, 0.90312, 0.905
276, 0.89875, 0.90268, 0.90312, 0.905
277, 0.90312, 0.90312, 0.90312, 0.905
278, 0.90312, 0.90312, 0.90312, 0.905
279, 0.90312, 0.90312, 0.90312, 0.905
280, 0.89312, 0.90212, 0.90312, 0.905
281, 0.90312, 0.90312, 0.90312, 0.905
282, 0.90312, 0.90312, 0.90312, 0.905
283, 0.90312, 0.90312, 0.90312, 0.905
284, 0.90312, 0.90312, 0.90312, 0.905
285, 0.9025, 0.903, 0.90312, 0.905
286, 0.9025, 0.90293, 0.90312, 0.905
287, 0.9025, 0.90306, 0.90312, 0.905
288, 0.90312, 0.90312, 0.90312, 0.905
289, 0.90312, 0.90312, 0.90312, 0.905
290, 0.90312, 0.90312, 0.90312, 0.905
291, 0.90312, 0.90312, 0.90312, 0.905
292, 0.90312, 0.90312, 0.90312, 0.905
293, 0.90312, 0.90312, 0.90312, 0.905
294, 0.905, 0.905, 0.905, 0.905
295, 0.90312, 0.90481, 0.905, 0.905
296, 0.905, 0.905, 0.905, 0.905
297, 0.905, 0.905, 0.905, 0.905
298, 0.905, 0.905, 0.905, 0.905
299, 0.905, 0.905, 0.905, 0.905
300, 0.905, 0.905, 0.905, 0.905
301, 0.8975, 0.9035, 0.905, 0.905
302, 0.905, 0.905, 0.905, 0.905
303, 0.905, 0.905, 0.905, 0.905
304, 0.905, 0.905, 0.905, 0.905
305, 0.9, 0.90444, 0.905, 0.905
306, 0.90438, 0.9055, 0.90812, 0.90812
307, 0.90438, 0.9065, 0.90812, 0.90812
308, 0.90438, 0.90743, 0.90812, 0.90812
309, 0.9075, 0.90806, 0.90812, 0.90812
310, 0.90812, 0.90812, 0.90812, 0.90812
311, 0.90812, 0.90812, 0.90812, 0.90812
312, 0.90812, 0.90812, 0.90812, 0.90812
313, 0.90812, 0.90812, 0.90812, 0.90812
314, 0.90375, 0.90768, 0.90812, 0.90812
315, 0.90812, 0.90812, 0.90812, 0.90812
316, 0.90812, 0.90812, 0.90812, 0.90812
317, 0.90812, 0.90812, 0.90812, 0.90812
318, 0.90812, 0.9095, 0.915, 0.915
319, 0.915, 0.915, 0.915, 0.915
320, 0.915, 0.915, 0.915, 0.915
321, 0.915, 0.915, 0.915, 0.915
322, 0.915, 0.915, 0.915, 0.915
323, 0.915, 0.915, 0.915, 0.915
324, 0.915, 0.915, 0.915, 0.915
325, 0.915, 0.915, 0.915, 0.915
326, 0.915, 0.915, 0.915, 0.915
327, 0.915, 0.915, 0.915, 0.915
328, 0.915, 0.915, 0.915, 0.915
329, 0.915, 0.915, 0.915, 0.915
330, 0.915, 0.915, 0.915, 0.915
331, 0.915, 0.915, 0.915, 0.915
332, 0.915, 0.915, 0.915, 0.915
333, 0.915, 0.915, 0.915, 0.915
334, 0.915, 0.915, 0.915, 0.915
335, 0.915, 0.915, 0.915, 0.915
336, 0.915, 0.915, 0.915, 0.915
337, 0.915, 0.915, 0.915, 0.915
338, 0.90375, 0.91338, 0.915, 0.915
339, 0.91, 0.9145, 0.915, 0.915
340, 0.90938, 0.91388, 0.915, 0.915
341, 0.90938, 0.91275, 0.915, 0.915
342, 0.915, 0.915, 0.915, 0.915
343, 0.915, 0.915, 0.915, 0.915
344, 0.915, 0.915, 0.915, 0.915
345, 0.915, 0.915, 0.915, 0.915
346, 0.915, 0.915, 0.915, 0.915
347, 0.915, 0.915, 0.915, 0.915
348, 0.915, 0.915, 0.915, 0.915
349, 0.90312, 0.91381, 0.915, 0.915
350, 0.915, 0.915, 0.915, 0.915
351, 0.915, 0.915, 0.915, 0.915
352, 0.915, 0.915, 0.915, 0.915
353, 0.915, 0.915, 0.915, 0.915
354, 0.915, 0.915, 0.915, 0.915
355, 0.915, 0.915, 0.915, 0.915
356, 0.9075, 0.91425, 0.915, 0.915
357, 0.90812, 0.91431, 0.915, 0.915
358, 0.90875, 0.91438, 0.915, 0.915
359, 0.90875, 0.91513, 0.9175, 0.9175
360, 0.915, 0.916, 0.9175, 0.9175
361, 0.915, 0.91675, 0.9175, 0.9175
362, 0.915, 0.91725, 0.9175, 0.9175
363, 0.9175, 0.9175, 0.9175, 0.9175
364, 0.9175, 0.9175, 0.9175, 0.9175
365, 0.9175, 0.9175, 0.9175, 0.9175
366, 0.90563, 0.91631, 0.9175, 0.9175
367, 0.90563, 0.91631, 0.9175, 0.9175
368, 0.9175, 0.9175, 0.9175, 0.9175
369, 0.9175, 0.9175, 0.9175, 0.9175
370, 0.9175, 0.9175, 0.9175, 0.9175
371, 0.90563, 0.916, 0.9175, 0.9175
372, 0.91438, 0.91688, 0.9175, 0.9175
373, 0.9175, 0.9175, 0.9175, 0.9175
374, 0.9175, 0.9175, 0.9175, 0.9175
375, 0.9175, 0.9175, 0.9175, 0.9175
376, 0.9175, 0.9175, 0.9175, 0.9175
377, 0.9175, 0.9175, 0.9175, 0.9175
378, 0.9175, 0.9175, 0.9175, 0.9175
379, 0.91125, 0.91688, 0.9175, 0.9175
380, 0.91438, 0.91719, 0.9175, 0.9175
381, 0.9175, 0.9175, 0.9175, 0.9175
382, 0.9175, 0.9175, 0.9175, 0.9175
383, 0.90875, 0.91662, 0.9175, 0.9175
384, 0.91687, 0.91737, 0.9175, 0.9175
385, 0.9175, 0.9175, 0.9175, 0.9175
386, 0.9175, 0.9175, 0.9175, 0.9175
387, 0.9175, 0.9175, 0.9175, 0.9175
388, 0.9175, 0.9175, 0.9175, 0.9175
389, 0.92125, 0.92125, 0.92125, 0.92125
390, 0.91, 0.92013, 0.92125, 0.92125
391, 0.92125, 0.92125, 0.92125, 0.92125
392, 0.92125, 0.92125, 0.92125, 0.92125
393, 0.90625, 0.91975, 0.92125, 0.92125
394, 0.92125, 0.92125, 0.92125, 0.92125
395, 0.92125, 0.92125, 0.92125, 0.92125
396, 0.92125, 0.92125, 0.92125, 0.92125
397, 0.92125, 0.92125, 0.92125, 0.92125
398, 0.92125, 0.92125, 0.92125, 0.92125
399, 0.92125, 0.92125, 0.92125, 0.92125
400, 0.92125, 0.92125, 0.92125, 0.92125
401, 0.92125, 0.92125, 0.92125, 0.92125
402, 0.92125, 0.92125, 0.92125, 0.92125
403, 0.92125, 0.92125, 0.92125, 0.92125
404, 0.92125, 0.92125, 0.92125, 0.92125
405, 0.92125, 0.92125, 0.92125, 0.92125
406, 0.92125, 0.92125, 0.92125, 0.92125
407, 0.91938, 0.92069, 0.92125, 0.92125
408, 0.92125, 0.92125, 0.92125, 0.92125
409, 0.92125, 0.92125, 0.92125, 0.92125
410, 0.92125, 0.92125, 0.92125, 0.92125
411, 0.92125, 0.92125, 0.92125, 0.92125
412, 0.92125, 0.92125, 0.92125, 0.92125
413, 0.91375, 0.91981, 0.92125, 0.92125
414, 0.91187, 0.91937, 0.92125, 0.92125
415, 0.92125, 0.92125, 0.92125, 0.92125
416, 0.92125, 0.92125, 0.92125, 0.92125
417, 0.92125, 0.92125, 0.92125, 0.92125
418, 0.92125, 0.92125, 0.92125, 0.92125
419, 0.92125, 0.92125, 0.92125, 0.92125
420, 0.92125, 0.92125, 0.92125, 0.92125
421, 0.92125, 0.92125, 0.92125, 0.92125
422, 0.92125, 0.92125, 0.92125, 0.92125
423, 0.92125, 0.92125, 0.92125, 0.92125
424, 0.92125, 0.92125, 0.92125, 0.92125
425, 0.92125, 0.92125, 0.92125, 0.92125
426, 0.91312, 0.92044, 0.92125, 0.92125
427, 0.92125, 0.92125, 0.92125, 0.92125
428, 0.92125, 0.92125, 0.92125, 0.92125
429, 0.92125, 0.92125, 0.92125, 0.92125
430, 0.92125, 0.92125, 0.92125, 0.92125
431, 0.92125, 0.92125, 0.92125, 0.92125
432, 0.90938, 0.92006, 0.92125, 0.92125
433, 0.92125, 0.92125, 0.92125, 0.92125
434, 0.92125, 0.92125, 0.92125, 0.92125
435, 0.92125, 0.92125, 0.92125, 0.92125
436, 0.92125, 0.92125, 0.92125, 0.92125
437, 0.92125, 0.92125, 0.92125, 0.92125
438, 0.92125, 0.92125, 0.92125, 0.92125
439, 0.92125, 0.92125, 0.92125, 0.92125
440, 0.92125, 0.92125, 0.92125, 0.92125
441, 0.92125, 0.92125, 0.92125, 0.92125
442, 0.91312, 0.92044, 0.92125, 0.92125
443, 0.91312, 0.92044, 0.92125, 0.92125
444, 0.92125, 0.92125, 0.92125, 0.92125
445, 0.91375, 0.9205, 0.92125, 0.92125
446, 0.92125, 0.92125, 0.92125, 0.92125
447, 0.92125, 0.92125, 0.92125, 0.92125
448, 0.915, 0.92062, 0.92125, 0.92125
449, 0.92125, 0.92125, 0.92125, 0.92125
450, 0.92125, 0.92125, 0.92125, 0.92125
451, 0.92125, 0.92125, 0.92125, 0.92125
452, 0.92125, 0.92125, 0.92125, 0.92125
453, 0.92125, 0.92125, 0.92125, 0.92125
454, 0.92125, 0.92125, 0.92125, 0.92125
455, 0.92125, 0.92125, 0.92125, 0.92125
456, 0.92125, 0.92125, 0.92125, 0.92125
457, 0.92125, 0.92125, 0.92125, 0.92125
458, 0.92125, 0.92125, 0.92125, 0.92125
459, 0.92063, 0.92113, 0.92125, 0.92125
460, 0.92125, 0.92125, 0.92125, 0.92125
461, 0.92125, 0.92125, 0.92125, 0.92125
462, 0.92125, 0.92125, 0.92125, 0.92125
463, 0.92125, 0.92125, 0.92125, 0.92125
464, 0.92125, 0.92125, 0.92125, 0.92125
465, 0.92125, 0.92125, 0.92125, 0.92125
466, 0.90687, 0.91981, 0.92125, 0.92125
467, 0.92125, 0.92125, 0.92125, 0.92125
468, 0.92125, 0.92125, 0.92125, 0.92125
469, 0.92125, 0.92125, 0.92125, 0.92125
470, 0.92125, 0.92125, 0.92125, 0.92125
471, 0.92125, 0.92125, 0.92125, 0.92125
472, 0.91625, 0.92075, 0.92125, 0.92125
473, 0.92125, 0.92125, 0.92125, 0.92125
474, 0.92125, 0.92144, 0.92188, 0.92188
475, 0.92188, 0.92188, 0.92188, 0.92188
476, 0.92188, 0.92188, 0.92188, 0.92188
477, 0.92188, 0.92188, 0.92188, 0.92188
478, 0.92188, 0.92188, 0.92188, 0.92188
479, 0.91125, 0.92082, 0.92188, 0.92188
480, 0.92188, 0.92188, 0.92188, 0.92188
481, 0.92188, 0.92188, 0.92188, 0.92188
482, 0.92188, 0.92188, 0.92188, 0.92188
483, 0.92188, 0.92188, 0.92188, 0.92188
484, 0.91625, 0.92075, 0.92188, 0.92188
485, 0.92188, 0.92188, 0.92188, 0.92188
486, 0.92188, 0.92188, 0.92188, 0.92188
487, 0.92188, 0.92188, 0.92188, 0.92188
488, 0.91438, 0.92113, 0.92188, 0.92188
489, 0.92188, 0.92188, 0.92188, 0.92188
490, 0.92188, 0.92188, 0.92188, 0.92188
491, 0.92188, 0.92188, 0.92188, 0.92188
492, 0.92188, 0.92188, 0.92188, 0.92188
493, 0.92188, 0.92188, 0.92188, 0.92188
494, 0.92188, 0.92188, 0.92188, 0.92188
495, 0.92188, 0.92188, 0.92188, 0.92188
496, 0.91625, 0.92075, 0.92188, 0.92188
497, 0.92188, 0.92188, 0.92188, 0.92188
498, 0.92188, 0.92188, 0.92188, 0.92188
499, 0.92188, 0.92188, 0.92188, 0.92188
3855.9913370609283
