0, 0.77938, 0.77938, 0.77938, 0.77938
0, 0.70562, 0.73825, 0.77938, 0.77938
1, 0.71813, 0.74481, 0.77938, 0.77938
2, 0.73, 0.749, 0.75687, 0.77938
3, 0.73062, 0.75081, 0.75938, 0.77938
4, 0.74375, 0.759, 0.78063, 0.78063
5, 0.76313, 0.77894, 0.78687, 0.78687
6, 0.76125, 0.78256, 0.79312, 0.79312
7, 0.77187, 0.78975, 0.80812, 0.80812
8, 0.775, 0.80362, 0.8275, 0.8275
9, 0.79187, 0.80818, 0.8275, 0.8275
10, 0.79187, 0.819, 0.83, 0.83
11, 0.80812, 0.82413, 0.82937, 0.83
12, 0.81688, 0.82569, 0.82937, 0.83
13, 0.82563, 0.828, 0.82937, 0.83
14, 0.82563, 0.82812, 0.82937, 0.83
15, 0.825, 0.82981, 0.8325, 0.8325
16, 0.82937, 0.83062, 0.8325, 0.8325
17, 0.82937, 0.83031, 0.8325, 0.8325
18, 0.82937, 0.83156, 0.8325, 0.8325
19, 0.8325, 0.8425, 0.845, 0.845
20, 0.845, 0.84763, 0.85375, 0.85375
21, 0.85375, 0.85375, 0.85375, 0.85375
22, 0.85375, 0.857, 0.86187, 0.86187
23, 0.85375, 0.85862, 0.86187, 0.86187
24, 0.86187, 0.86187, 0.86187, 0.86187
25, 0.86187, 0.86187, 0.86187, 0.86187
26, 0.86187, 0.86187, 0.86187, 0.86187
27, 0.86187, 0.86187, 0.86187, 0.86187
28, 0.86187, 0.86187, 0.86187, 0.86187
29, 0.86187, 0.86187, 0.86187, 0.86187
30, 0.86187, 0.86187, 0.86187, 0.86187
31, 0.8625, 0.8625, 0.8625, 0.8625
32, 0.8625, 0.8625, 0.8625, 0.8625
33, 0.8625, 0.8625, 0.8625, 0.8625
34, 0.87125, 0.87125, 0.87125, 0.87125
35, 0.87125, 0.87125, 0.87125, 0.87125
36, 0.87125, 0.87125, 0.87125, 0.87125
37, 0.87125, 0.87125, 0.87125, 0.87125
38, 0.87125, 0.87125, 0.87125, 0.87125
39, 0.87125, 0.87125, 0.87125, 0.87125
40, 0.87125, 0.87175, 0.87375, 0.87375
41, 0.87125, 0.8715, 0.87375, 0.87375
42, 0.87125, 0.87125, 0.87125, 0.87375
43, 0.87125, 0.87125, 0.87125, 0.87375
44, 0.87125, 0.87125, 0.87125, 0.87375
45, 0.87125, 0.87125, 0.87125, 0.87375
46, 0.87125, 0.87125, 0.87125, 0.87375
47, 0.87125, 0.87144, 0.87187, 0.87375
48, 0.87125, 0.87144, 0.87187, 0.87375
49, 0.87187, 0.87187, 0.87187, 0.87375
50, 0.87187, 0.87187, 0.87187, 0.87375
51, 0.8575, 0.87043, 0.87187, 0.87375
52, 0.87187, 0.87237, 0.87438, 0.87438
53, 0.87438, 0.875, 0.87562, 0.87562
54, 0.87438, 0.87675, 0.87875, 0.87875
55, 0.87438, 0.87675, 0.87813, 0.87875
56, 0.87562, 0.87788, 0.87813, 0.87875
57, 0.87813, 0.87888, 0.88062, 0.88062
58, 0.87813, 0.87863, 0.88062, 0.88062
59, 0.87813, 0.87863, 0.88062, 0.88062
60, 0.88062, 0.88062, 0.88062, 0.88062
61, 0.87687, 0.88024, 0.88062, 0.88062
62, 0.88062, 0.88062, 0.88062, 0.88062
63, 0.88062, 0.88062, 0.88062, 0.88062
64, 0.88062, 0.88062, 0.88062, 0.88062
65, 0.88062, 0.88062, 0.88062, 0.88062
66, 0.88062, 0.88062, 0.88062, 0.88062
67, 0.88375, 0.88375, 0.88375, 0.88375
68, 0.88375, 0.88375, 0.88375, 0.88375
69, 0.88375, 0.88375, 0.88375, 0.88375
70, 0.88375, 0.88375, 0.88375, 0.88375
71, 0.88375, 0.88375, 0.88375, 0.88375
72, 0.88375, 0.88375, 0.88375, 0.88375
73, 0.88375, 0.88375, 0.88375, 0.88375
74, 0.885, 0.885, 0.885, 0.885
75, 0.885, 0.885, 0.885, 0.885
76, 0.885, 0.885, 0.885, 0.885
77, 0.885, 0.885, 0.885, 0.885
78, 0.885, 0.885, 0.885, 0.885
79, 0.885, 0.885, 0.885, 0.885
80, 0.885, 0.885, 0.885, 0.885
81, 0.885, 0.885, 0.885, 0.885
82, 0.885, 0.885, 0.885, 0.885
83, 0.885, 0.885, 0.885, 0.885
84, 0.885, 0.885, 0.885, 0.885
85, 0.885, 0.885, 0.885, 0.885
86, 0.885, 0.885, 0.885, 0.885
87, 0.885, 0.885, 0.885, 0.885
88, 0.885, 0.885, 0.885, 0.885
89, 0.885, 0.885, 0.885, 0.885
90, 0.885, 0.885, 0.885, 0.885
91, 0.885, 0.885, 0.885, 0.885
92, 0.885, 0.885, 0.885, 0.885
93, 0.885, 0.885, 0.885, 0.885
94, 0.885, 0.885, 0.885, 0.885
95, 0.885, 0.88512, 0.88562, 0.88562
96, 0.88562, 0.88562, 0.88562, 0.88562
97, 0.87813, 0.88487, 0.88562, 0.88562
98, 0.88562, 0.88675, 0.88938, 0.88938
99, 0.88562, 0.88712, 0.88938, 0.88938
100, 0.88938, 0.88938, 0.88938, 0.88938
101, 0.88938, 0.88938, 0.88938, 0.88938
102, 0.88938, 0.88938, 0.88938, 0.88938
103, 0.8825, 0.88744, 0.88938, 0.88938
104, 0.88938, 0.88938, 0.88938, 0.88938
105, 0.88938, 0.88938, 0.88938, 0.88938
106, 0.88938, 0.88938, 0.88938, 0.88938
107, 0.88938, 0.88938, 0.88938, 0.88938
108, 0.88938, 0.88938, 0.88938, 0.88938
109, 0.88938, 0.88938, 0.88938, 0.88938
110, 0.88938, 0.88938, 0.88938, 0.88938
111, 0.88938, 0.88938, 0.88938, 0.88938
112, 0.88938, 0.88938, 0.88938, 0.88938
113, 0.88938, 0.88938, 0.88938, 0.88938
114, 0.88938, 0.88938, 0.88938, 0.88938
115, 0.88687, 0.88956, 0.89625, 0.89625
116, 0.88938, 0.89213, 0.89625, 0.89625
117, 0.89625, 0.89625, 0.89625, 0.89625
118, 0.89625, 0.89625, 0.89625, 0.89625
119, 0.89625, 0.89625, 0.89625, 0.89625
120, 0.89625, 0.89625, 0.89625, 0.89625
121, 0.89625, 0.89625, 0.89625, 0.89625
122, 0.89625, 0.89625, 0.89625, 0.89625
123, 0.89625, 0.89625, 0.89625, 0.89625
124, 0.89625, 0.89625, 0.89625, 0.89625
125, 0.89625, 0.89625, 0.89625, 0.89625
126, 0.88813, 0.89544, 0.89625, 0.89625
127, 0.89625, 0.89625, 0.89625, 0.89625
128, 0.89625, 0.89625, 0.89625, 0.89625
129, 0.89938, 0.89938, 0.89938, 0.89938
130, 0.89938, 0.89938, 0.89938, 0.89938
131, 0.89938, 0.89938, 0.89938, 0.89938
132, 0.89938, 0.89938, 0.89938, 0.89938
133, 0.89938, 0.89938, 0.89938, 0.89938
134, 0.89938, 0.89938, 0.89938, 0.89938
135, 0.89938, 0.89938, 0.89938, 0.89938
136, 0.89938, 0.89938, 0.89938, 0.89938
137, 0.89938, 0.89938, 0.89938, 0.89938
138, 0.89938, 0.89938, 0.89938, 0.89938
139, 0.89938, 0.89938, 0.89938, 0.89938
140, 0.89938, 0.89938, 0.89938, 0.89938
141, 0.89938, 0.89938, 0.89938, 0.89938
142, 0.89938, 0.89938, 0.89938, 0.89938
143, 0.89938, 0.89969, 0.9025, 0.9025
144, 0.89938, 0.89938, 0.89938, 0.9025
145, 0.8875, 0.89769, 0.89938, 0.9025
146, 0.88813, 0.89776, 0.89938, 0.9025
147, 0.89438, 0.89925, 0.90312, 0.90312
148, 0.89938, 0.9005, 0.90312, 0.90312
149, 0.90312, 0.90312, 0.90312, 0.90312
150, 0.895, 0.90162, 0.90312, 0.90312
151, 0.895, 0.90162, 0.90312, 0.90312
152, 0.90312, 0.90312, 0.90312, 0.90312
153, 0.90312, 0.90312, 0.90312, 0.90312
154, 0.90312, 0.90312, 0.90312, 0.90312
155, 0.90312, 0.90312, 0.90312, 0.90312
156, 0.90312, 0.90331, 0.90375, 0.90375
157, 0.90375, 0.90375, 0.90375, 0.90375
158, 0.89875, 0.90325, 0.90375, 0.90375
159, 0.90375, 0.90375, 0.90375, 0.90375
160, 0.90375, 0.90375, 0.90375, 0.90375
161, 0.90375, 0.90375, 0.90375, 0.90375
162, 0.90375, 0.90375, 0.90375, 0.90375
163, 0.90375, 0.90375, 0.90375, 0.90375
164, 0.90375, 0.90375, 0.90375, 0.90375
165, 0.90375, 0.90375, 0.90375, 0.90375
166, 0.90375, 0.90375, 0.90375, 0.90375
167, 0.90375, 0.90375, 0.90375, 0.90375
168, 0.90375, 0.90375, 0.90375, 0.90375
169, 0.9025, 0.90363, 0.90375, 0.90375
170, 0.9025, 0.90419, 0.90938, 0.90938
171, 0.9025, 0.90531, 0.90938, 0.90938
172, 0.88875, 0.90369, 0.90938, 0.90938
173, 0.89312, 0.90381, 0.90938, 0.90938
174, 0.89625, 0.9035, 0.90875, 0.90938
175, 0.89625, 0.90306, 0.90563, 0.90938
176, 0.90375, 0.90431, 0.90563, 0.90938
177, 0.90375, 0.90469, 0.90563, 0.90938
178, 0.90375, 0.90469, 0.90563, 0.90938
179, 0.90375, 0.90469, 0.90563, 0.90938
180, 0.90375, 0.90525, 0.90563, 0.90938
181, 0.90563, 0.90563, 0.90563, 0.90938
182, 0.90563, 0.90563, 0.90563, 0.90938
183, 0.90563, 0.90563, 0.90563, 0.90938
184, 0.90563, 0.90563, 0.90563, 0.90938
185, 0.9075, 0.9075, 0.9075, 0.90938
186, 0.9075, 0.9075, 0.9075, 0.90938
187, 0.9075, 0.90762, 0.90812, 0.90938
188, 0.9075, 0.90756, 0.90812, 0.90938
189, 0.9075, 0.9075, 0.9075, 0.90938
190, 0.9075, 0.9075, 0.9075, 0.90938
191, 0.9075, 0.9075, 0.9075, 0.90938
192, 0.9075, 0.9075, 0.9075, 0.90938
193, 0.9075, 0.9075, 0.9075, 0.90938
194, 0.9075, 0.9075, 0.9075, 0.90938
195, 0.9075, 0.9075, 0.9075, 0.90938
196, 0.89312, 0.90606, 0.9075, 0.90938
197, 0.9075, 0.9075, 0.9075, 0.90938
198, 0.9075, 0.9075, 0.9075, 0.90938
199, 0.9075, 0.9075, 0.9075, 0.90938
200, 0.90187, 0.90694, 0.9075, 0.90938
201, 0.9075, 0.9075, 0.9075, 0.90938
202, 0.9075, 0.9075, 0.9075, 0.90938
203, 0.9075, 0.9075, 0.9075, 0.90938
204, 0.9075, 0.9075, 0.9075, 0.90938
205, 0.9075, 0.9075, 0.9075, 0.90938
206, 0.9075, 0.9075, 0.9075, 0.90938
207, 0.9075, 0.9075, 0.9075, 0.90938
208, 0.9075, 0.9075, 0.9075, 0.90938
209, 0.90438, 0.90719, 0.9075, 0.90938
210, 0.9075, 0.9075, 0.9075, 0.90938
211, 0.9075, 0.9075, 0.9075, 0.90938
212, 0.9075, 0.9075, 0.9075, 0.90938
213, 0.9075, 0.9075, 0.9075, 0.90938
214, 0.89438, 0.90488, 0.9075, 0.90938
215, 0.9075, 0.9075, 0.9075, 0.90938
216, 0.9075, 0.9075, 0.9075, 0.90938
217, 0.9075, 0.9075, 0.9075, 0.90938
218, 0.9075, 0.9075, 0.9075, 0.90938
219, 0.9075, 0.9075, 0.9075, 0.90938
220, 0.91687, 0.91687, 0.91687, 0.91687
221, 0.91687, 0.91687, 0.91687, 0.91687
222, 0.91, 0.91618, 0.91687, 0.91687
223, 0.91312, 0.91612, 0.91687, 0.91687
224, 0.91687, 0.91687, 0.91687, 0.91687
225, 0.91687, 0.91687, 0.91687, 0.91687
226, 0.91687, 0.91687, 0.91687, 0.91687
227, 0.91687, 0.91687, 0.91687, 0.91687
228, 0.91687, 0.91687, 0.91687, 0.91687
229, 0.91687, 0.91687, 0.91687, 0.91687
230, 0.91687, 0.91687, 0.91687, 0.91687
231, 0.91687, 0.91687, 0.91687, 0.91687
232, 0.91687, 0.91687, 0.91687, 0.91687
233, 0.91687, 0.91687, 0.91687, 0.91687
234, 0.91687, 0.91687, 0.91687, 0.91687
235, 0.91687, 0.91687, 0.91687, 0.91687
236, 0.91438, 0.91662, 0.91687, 0.91687
237, 0.91687, 0.91687, 0.91687, 0.91687
238, 0.91687, 0.91687, 0.91687, 0.91687
239, 0.90063, 0.91525, 0.91687, 0.91687
240, 0.91687, 0.91687, 0.91687, 0.91687
241, 0.91687, 0.91687, 0.91687, 0.91687
242, 0.91687, 0.91687, 0.91687, 0.91687
243, 0.91687, 0.91687, 0.91687, 0.91687
244, 0.91687, 0.91687, 0.91687, 0.91687
245, 0.91687, 0.91687, 0.91687, 0.91687
246, 0.91687, 0.91687, 0.91687, 0.91687
247, 0.91687, 0.91687, 0.91687, 0.91687
248, 0.91687, 0.91687, 0.91687, 0.91687
249, 0.91687, 0.91687, 0.91687, 0.91687
250, 0.91687, 0.91687, 0.91687, 0.91687
251, 0.91687, 0.91687, 0.91687, 0.91687
252, 0.91687, 0.91687, 0.91687, 0.91687
253, 0.91687, 0.91687, 0.91687, 0.91687
254, 0.91687, 0.91687, 0.91687, 0.91687
255, 0.91687, 0.91687, 0.91687, 0.91687
256, 0.91687, 0.91687, 0.91687, 0.91687
257, 0.91687, 0.91687, 0.91687, 0.91687
258, 0.91687, 0.91687, 0.91687, 0.91687
259, 0.91687, 0.91687, 0.91687, 0.91687
260, 0.91687, 0.91687, 0.91687, 0.91687
261, 0.91687, 0.91687, 0.91687, 0.91687
262, 0.91687, 0.91687, 0.91687, 0.91687
263, 0.91687, 0.91687, 0.91687, 0.91687
264, 0.91687, 0.91687, 0.91687, 0.91687
265, 0.91687, 0.91687, 0.91687, 0.91687
266, 0.90625, 0.91581, 0.91687, 0.91687
267, 0.90625, 0.91581, 0.91687, 0.91687
268, 0.91687, 0.91687, 0.91687, 0.91687
269, 0.91687, 0.91687, 0.91687, 0.91687
270, 0.91687, 0.91687, 0.91687, 0.91687
271, 0.91687, 0.91687, 0.91687, 0.91687
272, 0.91687, 0.91687, 0.91687, 0.91687
273, 0.91687, 0.91687, 0.91687, 0.91687
274, 0.90625, 0.91337, 0.91687, 0.91687
275, 0.91, 0.91618, 0.91687, 0.91687
276, 0.91687, 0.91687, 0.91687, 0.91687
277, 0.91687, 0.91687, 0.91687, 0.91687
278, 0.91687, 0.91687, 0.91687, 0.91687
279, 0.91687, 0.91687, 0.91687, 0.91687
280, 0.91687, 0.91687, 0.91687, 0.91687
281, 0.91687, 0.91687, 0.91687, 0.91687
282, 0.91687, 0.91687, 0.91687, 0.91687
283, 0.91687, 0.91687, 0.91687, 0.91687
284, 0.91687, 0.91687, 0.91687, 0.91687
285, 0.90187, 0.91537, 0.91687, 0.91687
286, 0.91687, 0.91687, 0.91687, 0.91687
287, 0.91687, 0.91687, 0.91687, 0.91687
288, 0.91687, 0.91687, 0.91687, 0.91687
289, 0.91687, 0.91687, 0.91687, 0.91687
290, 0.91687, 0.91687, 0.91687, 0.91687
291, 0.91687, 0.91687, 0.91687, 0.91687
292, 0.91687, 0.91687, 0.91687, 0.91687
293, 0.91687, 0.91687, 0.91687, 0.91687
294, 0.91687, 0.91687, 0.91687, 0.91687
295, 0.91687, 0.91687, 0.91687, 0.91687
296, 0.91687, 0.91687, 0.91687, 0.91687
297, 0.91687, 0.91687, 0.91687, 0.91687
298, 0.91687, 0.91687, 0.91687, 0.91687
299, 0.91687, 0.91687, 0.91687, 0.91687
300, 0.91687, 0.91687, 0.91687, 0.91687
301, 0.91687, 0.91687, 0.91687, 0.91687
302, 0.91687, 0.91687, 0.91687, 0.91687
303, 0.91687, 0.91687, 0.91687, 0.91687
304, 0.91687, 0.91687, 0.91687, 0.91687
305, 0.91687, 0.91687, 0.91687, 0.91687
306, 0.91687, 0.91687, 0.91687, 0.91687
307, 0.91687, 0.91687, 0.91687, 0.91687
308, 0.91687, 0.91687, 0.91687, 0.91687
309, 0.91687, 0.91687, 0.91687, 0.91687
310, 0.91687, 0.91687, 0.91687, 0.91687
311, 0.91375, 0.91625, 0.91687, 0.91687
312, 0.90875, 0.91575, 0.91687, 0.91687
313, 0.90875, 0.91525, 0.91687, 0.91687
314, 0.91687, 0.91687, 0.91687, 0.91687
315, 0.91687, 0.91687, 0.91687, 0.91687
316, 0.91687, 0.91687, 0.91687, 0.91687
317, 0.91687, 0.91687, 0.91687, 0.91687
318, 0.91687, 0.91687, 0.91687, 0.91687
319, 0.91687, 0.91687, 0.91687, 0.91687
320, 0.91687, 0.91687, 0.91687, 0.91687
321, 0.91063, 0.91625, 0.91687, 0.91687
322, 0.91687, 0.91687, 0.91687, 0.91687
323, 0.91687, 0.91687, 0.91687, 0.91687
324, 0.91687, 0.91687, 0.91687, 0.91687
325, 0.91687, 0.91687, 0.91687, 0.91687
326, 0.91687, 0.91687, 0.91687, 0.91687
327, 0.91687, 0.91687, 0.91687, 0.91687
328, 0.91687, 0.91687, 0.91687, 0.91687
329, 0.91687, 0.91687, 0.91687, 0.91687
330, 0.91687, 0.91687, 0.91687, 0.91687
331, 0.91687, 0.91687, 0.91687, 0.91687
332, 0.91687, 0.91687, 0.91687, 0.91687
333, 0.91687, 0.91687, 0.91687, 0.91687
334, 0.91687, 0.91687, 0.91687, 0.91687
335, 0.91687, 0.91687, 0.91687, 0.91687
336, 0.91687, 0.91687, 0.91687, 0.91687
337, 0.91687, 0.91687, 0.91687, 0.91687
338, 0.905, 0.91568, 0.91687, 0.91687
339, 0.91687, 0.91687, 0.91687, 0.91687
340, 0.91687, 0.91687, 0.91687, 0.91687
341, 0.91687, 0.91687, 0.91687, 0.91687
342, 0.90687, 0.91587, 0.91687, 0.91687
343, 0.91687, 0.91687, 0.91687, 0.91687
344, 0.91687, 0.91687, 0.91687, 0.91687
345, 0.91687, 0.91687, 0.91687, 0.91687
346, 0.91687, 0.91687, 0.91687, 0.91687
347, 0.91687, 0.91687, 0.91687, 0.91687
348, 0.91687, 0.91687, 0.91687, 0.91687
349, 0.91687, 0.91687, 0.91687, 0.91687
350, 0.91687, 0.91687, 0.91687, 0.91687
351, 0.91687, 0.91687, 0.91687, 0.91687
352, 0.91687, 0.91687, 0.91687, 0.91687
353, 0.91687, 0.91687, 0.91687, 0.91687
354, 0.91687, 0.91687, 0.91687, 0.91687
355, 0.91687, 0.91687, 0.91687, 0.91687
356, 0.90563, 0.91575, 0.91687, 0.91687
357, 0.91687, 0.91687, 0.91687, 0.91687
358, 0.91687, 0.91687, 0.91687, 0.91687
359, 0.91687, 0.91687, 0.91687, 0.91687
360, 0.91687, 0.91687, 0.91687, 0.91687
361, 0.90063, 0.91525, 0.91687, 0.91687
362, 0.91687, 0.91687, 0.91687, 0.91687
363, 0.91687, 0.91687, 0.91687, 0.91687
364, 0.91687, 0.91687, 0.91687, 0.91687
365, 0.91687, 0.91687, 0.91687, 0.91687
366, 0.91687, 0.91687, 0.91687, 0.91687
367, 0.91687, 0.91687, 0.91687, 0.91687
368, 0.91687, 0.91687, 0.91687, 0.91687
369, 0.91687, 0.91687, 0.91687, 0.91687
370, 0.91687, 0.91687, 0.91687, 0.91687
371, 0.91687, 0.91687, 0.91687, 0.91687
372, 0.91687, 0.91687, 0.91687, 0.91687
373, 0.91687, 0.91687, 0.91687, 0.91687
374, 0.91687, 0.91687, 0.91687, 0.91687
375, 0.91687, 0.91687, 0.91687, 0.91687
376, 0.91687, 0.91687, 0.91687, 0.91687
377, 0.91687, 0.91687, 0.91687, 0.91687
378, 0.91312, 0.91574, 0.91687, 0.91687
379, 0.91312, 0.91537, 0.91687, 0.91687
380, 0.91687, 0.91687, 0.91687, 0.91687
381, 0.91687, 0.91687, 0.91687, 0.91687
382, 0.91687, 0.91687, 0.91687, 0.91687
383, 0.91687, 0.91687, 0.91687, 0.91687
384, 0.91687, 0.91687, 0.91687, 0.91687
385, 0.91687, 0.91687, 0.91687, 0.91687
386, 0.91687, 0.91687, 0.91687, 0.91687
387, 0.91687, 0.91687, 0.91687, 0.91687
388, 0.91687, 0.91687, 0.91687, 0.91687
389, 0.91687, 0.91687, 0.91687, 0.91687
390, 0.91687, 0.91687, 0.91687, 0.91687
391, 0.91687, 0.91687, 0.91687, 0.91687
392, 0.91687, 0.91687, 0.91687, 0.91687
393, 0.91687, 0.91687, 0.91687, 0.91687
394, 0.91687, 0.91687, 0.91687, 0.91687
395, 0.91687, 0.91687, 0.91687, 0.91687
396, 0.91687, 0.91687, 0.91687, 0.91687
397, 0.91687, 0.91687, 0.91687, 0.91687
398, 0.91687, 0.91687, 0.91687, 0.91687
399, 0.90625, 0.91475, 0.91687, 0.91687
400, 0.91687, 0.91687, 0.91687, 0.91687
401, 0.91687, 0.91687, 0.91687, 0.91687
402, 0.91687, 0.91687, 0.91687, 0.91687
403, 0.91687, 0.91687, 0.91687, 0.91687
404, 0.91687, 0.91687, 0.91687, 0.91687
405, 0.91687, 0.91687, 0.91687, 0.91687
406, 0.91687, 0.91687, 0.91687, 0.91687
407, 0.91687, 0.91687, 0.91687, 0.91687
408, 0.91687, 0.91687, 0.91687, 0.91687
409, 0.91687, 0.91687, 0.91687, 0.91687
410, 0.91187, 0.91637, 0.91687, 0.91687
411, 0.91687, 0.91687, 0.91687, 0.91687
412, 0.91687, 0.91687, 0.91687, 0.91687
413, 0.91687, 0.91687, 0.91687, 0.91687
414, 0.91687, 0.91687, 0.91687, 0.91687
415, 0.91687, 0.91687, 0.91687, 0.91687
416, 0.89812, 0.91312, 0.91687, 0.91687
417, 0.91687, 0.91687, 0.91687, 0.91687
418, 0.91687, 0.91687, 0.91687, 0.91687
419, 0.91687, 0.91687, 0.91687, 0.91687
420, 0.91687, 0.91687, 0.91687, 0.91687
421, 0.91125, 0.91631, 0.91687, 0.91687
422, 0.91687, 0.91724, 0.91812, 0.91812
423, 0.91812, 0.91963, 0.92063, 0.92063
424, 0.91812, 0.91963, 0.92063, 0.92063
425, 0.91312, 0.92163, 0.92563, 0.92563
426, 0.92063, 0.92263, 0.92563, 0.92563
427, 0.92563, 0.92563, 0.92563, 0.92563
428, 0.92563, 0.92563, 0.92563, 0.92563
429, 0.92563, 0.92563, 0.92563, 0.92563
430, 0.92563, 0.92563, 0.92563, 0.92563
431, 0.92563, 0.92563, 0.92563, 0.92563
432, 0.92563, 0.92563, 0.92563, 0.92563
433, 0.92563, 0.92563, 0.92563, 0.92563
434, 0.92563, 0.92563, 0.92563, 0.92563
435, 0.92563, 0.92563, 0.92563, 0.92563
436, 0.92563, 0.92563, 0.92563, 0.92563
437, 0.915, 0.92344, 0.92563, 0.92563
438, 0.92, 0.9245, 0.92563, 0.92563
439, 0.92312, 0.92513, 0.92563, 0.92563
440, 0.92563, 0.92563, 0.92563, 0.92563
441, 0.92563, 0.92563, 0.92563, 0.92563
442, 0.92563, 0.92563, 0.92563, 0.92563
443, 0.92563, 0.92563, 0.92563, 0.92563
444, 0.915, 0.924, 0.92563, 0.92563
445, 0.915, 0.92294, 0.92563, 0.92563
446, 0.915, 0.92244, 0.92563, 0.92563
447, 0.92563, 0.92563, 0.92563, 0.92563
448, 0.92563, 0.92563, 0.92563, 0.92563
449, 0.92563, 0.92563, 0.92563, 0.92563
450, 0.91812, 0.92488, 0.92563, 0.92563
451, 0.92563, 0.92563, 0.92563, 0.92563
452, 0.92563, 0.92563, 0.92563, 0.92563
453, 0.92563, 0.92563, 0.92563, 0.92563
454, 0.92563, 0.92563, 0.92563, 0.92563
455, 0.92375, 0.92525, 0.92563, 0.92563
456, 0.92563, 0.92563, 0.92563, 0.92563
457, 0.92563, 0.92563, 0.92563, 0.92563
458, 0.92563, 0.92563, 0.92563, 0.92563
459, 0.92563, 0.92563, 0.92563, 0.92563
460, 0.92563, 0.92563, 0.92563, 0.92563
461, 0.92563, 0.92563, 0.92563, 0.92563
462, 0.91312, 0.92438, 0.92563, 0.92563
463, 0.91312, 0.92432, 0.92563, 0.92563
464, 0.925, 0.92557, 0.92563, 0.92563
465, 0.90938, 0.92388, 0.92563, 0.92563
466, 0.9175, 0.924, 0.92563, 0.92563
467, 0.9175, 0.924, 0.92563, 0.92563
468, 0.92563, 0.92563, 0.92563, 0.92563
469, 0.92563, 0.92563, 0.92563, 0.92563
470, 0.92563, 0.92563, 0.92563, 0.92563
471, 0.92563, 0.92563, 0.92563, 0.92563
472, 0.92563, 0.92563, 0.92563, 0.92563
473, 0.92563, 0.92563, 0.92563, 0.92563
474, 0.92563, 0.92563, 0.92563, 0.92563
475, 0.92563, 0.92563, 0.92563, 0.92563
476, 0.92563, 0.92563, 0.92563, 0.92563
477, 0.92563, 0.92563, 0.92563, 0.92563
478, 0.92563, 0.92563, 0.92563, 0.92563
479, 0.92563, 0.92563, 0.92563, 0.92563
480, 0.91687, 0.92475, 0.92563, 0.92563
481, 0.92563, 0.92563, 0.92563, 0.92563
482, 0.92563, 0.92563, 0.92563, 0.92563
483, 0.92563, 0.92563, 0.92563, 0.92563
484, 0.92563, 0.92563, 0.92563, 0.92563
485, 0.92563, 0.92563, 0.92563, 0.92563
486, 0.92563, 0.92563, 0.92563, 0.92563
487, 0.92563, 0.92563, 0.92563, 0.92563
488, 0.92563, 0.92563, 0.92563, 0.92563
489, 0.92563, 0.92563, 0.92563, 0.92563
490, 0.92563, 0.92563, 0.92563, 0.92563
491, 0.92563, 0.92563, 0.92563, 0.92563
492, 0.92563, 0.92563, 0.92563, 0.92563
493, 0.92563, 0.92563, 0.92563, 0.92563
494, 0.92563, 0.92563, 0.92563, 0.92563
495, 0.92563, 0.92582, 0.9275, 0.9275
496, 0.92563, 0.92582, 0.9275, 0.9275
497, 0.92563, 0.926, 0.9275, 0.9275
498, 0.92563, 0.92582, 0.9275, 0.9275
499, 0.9275, 0.9275, 0.9275, 0.9275
3323.9419870376587
